4171762700
1435442700
884324879
2336250387
2010207781
3054645799
1743036462
2711113774
2305931312
2533528114
738420804
967623752
888455753
1979546701
451776599
428971096
152005208
1909560416
1850651745
4135686760
3192919154
2916215923
1202814581
289825397
2657999997
2316356231
1575750281
3062984842
1968057490
1540489363
1836957332
353818774
3990817436
4224369827
2615397033
2145981099
3630486700
1942123692
496949422
2568947894
3086134455
2983156408
381556926
4119285963
3332859083
3741520087
1038274776
2394609881
1429199081
1924691694
3649804019
1404587255
1222680823
782555388
2224157439
3911803652
3514101009
3908331289
1911650086
90913072
692047676
2556674369
2362205513
1890833741
2070199641
3080473435
2416582495
4094444383
1953035104
1385610083
2545930597
284235623
2512395624
1889044350
3772395902
683157378
1283875720
3070028173
339315092
1833771417
1665576347
2296551840
805239714
1745874341
1315306405
2426498470
625404850
2225512382
3332565443
2913796555
3550664141
330160595
2832027093
2915237334
1720015843
3216383462
437488620
3357046764
2871905775
1646409712
484944352